{
 "cells": [
  {
   "cell_type": "code",
   "execution_count": 1,
   "metadata": {},
   "outputs": [],
   "source": [
    "import pandas as pd\n",
    "import numpy as np\n",
    "import matplotlib.pyplot as plt\n",
    "\n",
    "import similarity\n",
    "import random\n",
    "import meanCentered as mc\n",
    "import helper.helper as hp"
   ]
  },
  {
   "cell_type": "markdown",
   "metadata": {},
   "source": [
    "### PRE-PROCESSING"
   ]
  },
  {
   "cell_type": "code",
   "execution_count": 2,
   "metadata": {},
   "outputs": [
    {
     "data": {
      "text/html": [
       "<div>\n",
       "<style scoped>\n",
       "    .dataframe tbody tr th:only-of-type {\n",
       "        vertical-align: middle;\n",
       "    }\n",
       "\n",
       "    .dataframe tbody tr th {\n",
       "        vertical-align: top;\n",
       "    }\n",
       "\n",
       "    .dataframe thead th {\n",
       "        text-align: right;\n",
       "    }\n",
       "</style>\n",
       "<table border=\"1\" class=\"dataframe\">\n",
       "  <thead>\n",
       "    <tr style=\"text-align: right;\">\n",
       "      <th></th>\n",
       "      <th>User</th>\n",
       "      <th>1</th>\n",
       "      <th>2</th>\n",
       "      <th>3</th>\n",
       "      <th>4</th>\n",
       "      <th>5</th>\n",
       "      <th>6</th>\n",
       "    </tr>\n",
       "  </thead>\n",
       "  <tbody>\n",
       "    <tr>\n",
       "      <th>0</th>\n",
       "      <td>1</td>\n",
       "      <td>5</td>\n",
       "      <td>0</td>\n",
       "      <td>4</td>\n",
       "      <td>3</td>\n",
       "      <td>5</td>\n",
       "      <td>4</td>\n",
       "    </tr>\n",
       "    <tr>\n",
       "      <th>1</th>\n",
       "      <td>2</td>\n",
       "      <td>4</td>\n",
       "      <td>5</td>\n",
       "      <td>0</td>\n",
       "      <td>3</td>\n",
       "      <td>2</td>\n",
       "      <td>3</td>\n",
       "    </tr>\n",
       "    <tr>\n",
       "      <th>2</th>\n",
       "      <td>3</td>\n",
       "      <td>0</td>\n",
       "      <td>3</td>\n",
       "      <td>0</td>\n",
       "      <td>2</td>\n",
       "      <td>1</td>\n",
       "      <td>0</td>\n",
       "    </tr>\n",
       "    <tr>\n",
       "      <th>3</th>\n",
       "      <td>4</td>\n",
       "      <td>1</td>\n",
       "      <td>2</td>\n",
       "      <td>2</td>\n",
       "      <td>0</td>\n",
       "      <td>3</td>\n",
       "      <td>4</td>\n",
       "    </tr>\n",
       "    <tr>\n",
       "      <th>4</th>\n",
       "      <td>5</td>\n",
       "      <td>1</td>\n",
       "      <td>0</td>\n",
       "      <td>1</td>\n",
       "      <td>2</td>\n",
       "      <td>3</td>\n",
       "      <td>3</td>\n",
       "    </tr>\n",
       "  </tbody>\n",
       "</table>\n",
       "</div>"
      ],
      "text/plain": [
       "   User  1  2  3  4  5  6\n",
       "0     1  5  0  4  3  5  4\n",
       "1     2  4  5  0  3  2  3\n",
       "2     3  0  3  0  2  1  0\n",
       "3     4  1  2  2  0  3  4\n",
       "4     5  1  0  1  2  3  3"
      ]
     },
     "execution_count": 2,
     "metadata": {},
     "output_type": "execute_result"
    }
   ],
   "source": [
    "df = pd.read_csv('../DATA/TOY-DATA/toy.csv')\n",
    "df"
   ]
  },
  {
   "cell_type": "code",
   "execution_count": 3,
   "metadata": {},
   "outputs": [],
   "source": [
    "df_without_user_column = df.drop(columns=[\"User\"])"
   ]
  },
  {
   "cell_type": "code",
   "execution_count": 4,
   "metadata": {},
   "outputs": [
    {
     "data": {
      "text/plain": [
       "[[5, 0, 4, 3, 5, 4],\n",
       " [4, 5, 0, 3, 2, 3],\n",
       " [0, 3, 0, 2, 1, 0],\n",
       " [1, 2, 2, 0, 3, 4],\n",
       " [1, 0, 1, 2, 3, 3]]"
      ]
     },
     "execution_count": 4,
     "metadata": {},
     "output_type": "execute_result"
    }
   ],
   "source": [
    "matrix = np.array(df_without_user_column).tolist()\n",
    "matrix"
   ]
  },
  {
   "cell_type": "code",
   "execution_count": 5,
   "metadata": {},
   "outputs": [],
   "source": [
    "meanC = mc.MeanCentered(matrix,opsional=0)"
   ]
  },
  {
   "cell_type": "code",
   "execution_count": 6,
   "metadata": {},
   "outputs": [
    {
     "data": {
      "text/html": [
       "<div>\n",
       "<style scoped>\n",
       "    .dataframe tbody tr th:only-of-type {\n",
       "        vertical-align: middle;\n",
       "    }\n",
       "\n",
       "    .dataframe tbody tr th {\n",
       "        vertical-align: top;\n",
       "    }\n",
       "\n",
       "    .dataframe thead th {\n",
       "        text-align: right;\n",
       "    }\n",
       "</style>\n",
       "<table border=\"1\" class=\"dataframe\">\n",
       "  <thead>\n",
       "    <tr style=\"text-align: right;\">\n",
       "      <th></th>\n",
       "      <th>0</th>\n",
       "    </tr>\n",
       "  </thead>\n",
       "  <tbody>\n",
       "    <tr>\n",
       "      <th>0</th>\n",
       "      <td>2.750000</td>\n",
       "    </tr>\n",
       "    <tr>\n",
       "      <th>1</th>\n",
       "      <td>3.333333</td>\n",
       "    </tr>\n",
       "    <tr>\n",
       "      <th>2</th>\n",
       "      <td>2.333333</td>\n",
       "    </tr>\n",
       "    <tr>\n",
       "      <th>3</th>\n",
       "      <td>2.500000</td>\n",
       "    </tr>\n",
       "    <tr>\n",
       "      <th>4</th>\n",
       "      <td>2.800000</td>\n",
       "    </tr>\n",
       "    <tr>\n",
       "      <th>5</th>\n",
       "      <td>3.500000</td>\n",
       "    </tr>\n",
       "  </tbody>\n",
       "</table>\n",
       "</div>"
      ],
      "text/plain": [
       "          0\n",
       "0  2.750000\n",
       "1  3.333333\n",
       "2  2.333333\n",
       "3  2.500000\n",
       "4  2.800000\n",
       "5  3.500000"
      ]
     },
     "execution_count": 6,
     "metadata": {},
     "output_type": "execute_result"
    }
   ],
   "source": [
    "meanC.getMeanListDataFrame()"
   ]
  },
  {
   "cell_type": "code",
   "execution_count": 7,
   "metadata": {},
   "outputs": [
    {
     "data": {
      "text/html": [
       "<div>\n",
       "<style scoped>\n",
       "    .dataframe tbody tr th:only-of-type {\n",
       "        vertical-align: middle;\n",
       "    }\n",
       "\n",
       "    .dataframe tbody tr th {\n",
       "        vertical-align: top;\n",
       "    }\n",
       "\n",
       "    .dataframe thead th {\n",
       "        text-align: right;\n",
       "    }\n",
       "</style>\n",
       "<table border=\"1\" class=\"dataframe\">\n",
       "  <thead>\n",
       "    <tr style=\"text-align: right;\">\n",
       "      <th></th>\n",
       "      <th>0</th>\n",
       "      <th>1</th>\n",
       "      <th>2</th>\n",
       "      <th>3</th>\n",
       "      <th>4</th>\n",
       "    </tr>\n",
       "  </thead>\n",
       "  <tbody>\n",
       "    <tr>\n",
       "      <th>0</th>\n",
       "      <td>2.250000</td>\n",
       "      <td>1.250000</td>\n",
       "      <td>0.000000</td>\n",
       "      <td>-1.750000</td>\n",
       "      <td>-1.750000</td>\n",
       "    </tr>\n",
       "    <tr>\n",
       "      <th>1</th>\n",
       "      <td>0.000000</td>\n",
       "      <td>1.666667</td>\n",
       "      <td>-0.333333</td>\n",
       "      <td>-1.333333</td>\n",
       "      <td>0.000000</td>\n",
       "    </tr>\n",
       "    <tr>\n",
       "      <th>2</th>\n",
       "      <td>1.666667</td>\n",
       "      <td>0.000000</td>\n",
       "      <td>0.000000</td>\n",
       "      <td>-0.333333</td>\n",
       "      <td>-1.333333</td>\n",
       "    </tr>\n",
       "    <tr>\n",
       "      <th>3</th>\n",
       "      <td>0.500000</td>\n",
       "      <td>0.500000</td>\n",
       "      <td>-0.500000</td>\n",
       "      <td>0.000000</td>\n",
       "      <td>-0.500000</td>\n",
       "    </tr>\n",
       "    <tr>\n",
       "      <th>4</th>\n",
       "      <td>2.200000</td>\n",
       "      <td>-0.800000</td>\n",
       "      <td>-1.800000</td>\n",
       "      <td>0.200000</td>\n",
       "      <td>0.200000</td>\n",
       "    </tr>\n",
       "    <tr>\n",
       "      <th>5</th>\n",
       "      <td>0.500000</td>\n",
       "      <td>-0.500000</td>\n",
       "      <td>0.000000</td>\n",
       "      <td>0.500000</td>\n",
       "      <td>-0.500000</td>\n",
       "    </tr>\n",
       "  </tbody>\n",
       "</table>\n",
       "</div>"
      ],
      "text/plain": [
       "          0         1         2         3         4\n",
       "0  2.250000  1.250000  0.000000 -1.750000 -1.750000\n",
       "1  0.000000  1.666667 -0.333333 -1.333333  0.000000\n",
       "2  1.666667  0.000000  0.000000 -0.333333 -1.333333\n",
       "3  0.500000  0.500000 -0.500000  0.000000 -0.500000\n",
       "4  2.200000 -0.800000 -1.800000  0.200000  0.200000\n",
       "5  0.500000 -0.500000  0.000000  0.500000 -0.500000"
      ]
     },
     "execution_count": 7,
     "metadata": {},
     "output_type": "execute_result"
    }
   ],
   "source": [
    "meanC.getMeanCenteredDataFrame()"
   ]
  },
  {
   "cell_type": "markdown",
   "metadata": {},
   "source": [
    "### PEARSON SIMILARITY MEASURE"
   ]
  },
  {
   "cell_type": "code",
   "execution_count": 35,
   "metadata": {},
   "outputs": [
    {
     "name": "stdout",
     "output_type": "stream",
     "text": [
      "User Index : 0 Item Index : 1\n",
      "Similarity : [[1, (0.9622060458243661+0j), (0.9226539095268047+0j), (0.9738516810963534+0j), (0.3860031713602665+0j), (0.14002800840280097+0j)], [(0.9622060458243661+0j), 1, (1+0j), (0.8320502943378437+0j), (-0.23380488239570607+0j), (-0.9938837346736189+0j)], [(0.9226539095268047+0j), (1+0j), 1, (0.9938837346736189+0j), (0.6956532259414017+0j), (0.7126966450997984+0j)], [(0.9738516810963534+0j), (0.8320502943378437+0j), (0.9938837346736189+0j), 1, (0.5068030337996146+0j), (0.33333333333333337+0j)], [(0.3860031713602665+0j), (-0.23380488239570607+0j), (0.6956532259414017+0j), (0.5068030337996146+0j), 1, (0.6361416972599782+0j)], [(0.14002800840280097+0j), (-0.9938837346736189+0j), (0.7126966450997984+0j), (0.33333333333333337+0j), (0.6361416972599782+0j), 1]]\n",
      "Main Centered : [[2.25, 0.0, 1.6666666666666665, 0.5, 2.2, 0.5], [1.25, 1.6666666666666665, 0.0, 0.5, -0.7999999999999998, -0.5], [0.0, -0.3333333333333335, 0.0, -0.5, -1.7999999999999998, 0.0], [-1.75, -1.3333333333333335, -0.3333333333333335, 0.0, 0.20000000000000018, 0.5], [-1.75, 0.0, -1.3333333333333335, -0.5, 0.20000000000000018, -0.5]]\n",
      "Similarity[1] : [(0.9622060458243661+0j), 1, (1+0j), (0.8320502943378437+0j), (-0.23380488239570607+0j), (-0.9938837346736189+0j)]\n",
      "MeanCentered[0] : [2.25, 0.0, 1.6666666666666665, 0.5, 2.2, 0.5]\n",
      "[[0.9622060458243661, 0.8320502943378437], [2.25, 0.5]]\n",
      "User Index : 1 Item Index : 2\n",
      "Similarity : [[1, (0.9622060458243661+0j), (0.9226539095268047+0j), (0.9738516810963534+0j), (0.3860031713602665+0j), (0.14002800840280097+0j)], [(0.9622060458243661+0j), 1, (1+0j), (0.8320502943378437+0j), (-0.23380488239570607+0j), (-0.9938837346736189+0j)], [(0.9226539095268047+0j), (1+0j), 1, (0.9938837346736189+0j), (0.6956532259414017+0j), (0.7126966450997984+0j)], [(0.9738516810963534+0j), (0.8320502943378437+0j), (0.9938837346736189+0j), 1, (0.5068030337996146+0j), (0.33333333333333337+0j)], [(0.3860031713602665+0j), (-0.23380488239570607+0j), (0.6956532259414017+0j), (0.5068030337996146+0j), 1, (0.6361416972599782+0j)], [(0.14002800840280097+0j), (-0.9938837346736189+0j), (0.7126966450997984+0j), (0.33333333333333337+0j), (0.6361416972599782+0j), 1]]\n",
      "Main Centered : [[2.25, 0.0, 1.6666666666666665, 0.5, 2.2, 0.5], [1.25, 1.6666666666666665, 0.0, 0.5, -0.7999999999999998, -0.5], [0.0, -0.3333333333333335, 0.0, -0.5, -1.7999999999999998, 0.0], [-1.75, -1.3333333333333335, -0.3333333333333335, 0.0, 0.20000000000000018, 0.5], [-1.75, 0.0, -1.3333333333333335, -0.5, 0.20000000000000018, -0.5]]\n",
      "Similarity[2] : [(0.9226539095268047+0j), (1+0j), 1, (0.9938837346736189+0j), (0.6956532259414017+0j), (0.7126966450997984+0j)]\n",
      "MeanCentered[1] : [1.25, 1.6666666666666665, 0.0, 0.5, -0.7999999999999998, -0.5]\n",
      "[[1.0, 0.9938837346736189], [1.6666666666666665, 0.5]]\n",
      "User Index : 2 Item Index : 0\n",
      "Similarity : [[1, (0.9622060458243661+0j), (0.9226539095268047+0j), (0.9738516810963534+0j), (0.3860031713602665+0j), (0.14002800840280097+0j)], [(0.9622060458243661+0j), 1, (1+0j), (0.8320502943378437+0j), (-0.23380488239570607+0j), (-0.9938837346736189+0j)], [(0.9226539095268047+0j), (1+0j), 1, (0.9938837346736189+0j), (0.6956532259414017+0j), (0.7126966450997984+0j)], [(0.9738516810963534+0j), (0.8320502943378437+0j), (0.9938837346736189+0j), 1, (0.5068030337996146+0j), (0.33333333333333337+0j)], [(0.3860031713602665+0j), (-0.23380488239570607+0j), (0.6956532259414017+0j), (0.5068030337996146+0j), 1, (0.6361416972599782+0j)], [(0.14002800840280097+0j), (-0.9938837346736189+0j), (0.7126966450997984+0j), (0.33333333333333337+0j), (0.6361416972599782+0j), 1]]\n",
      "Main Centered : [[2.25, 0.0, 1.6666666666666665, 0.5, 2.2, 0.5], [1.25, 1.6666666666666665, 0.0, 0.5, -0.7999999999999998, -0.5], [0.0, -0.3333333333333335, 0.0, -0.5, -1.7999999999999998, 0.0], [-1.75, -1.3333333333333335, -0.3333333333333335, 0.0, 0.20000000000000018, 0.5], [-1.75, 0.0, -1.3333333333333335, -0.5, 0.20000000000000018, -0.5]]\n",
      "Similarity[0] : [1, (0.9622060458243661+0j), (0.9226539095268047+0j), (0.9738516810963534+0j), (0.3860031713602665+0j), (0.14002800840280097+0j)]\n",
      "MeanCentered[2] : [0.0, -0.3333333333333335, 0.0, -0.5, -1.7999999999999998, 0.0]\n",
      "[[0.9738516810963534, 0.3860031713602665], [-0.5, -1.7999999999999998]]\n",
      "User Index : 2 Item Index : 2\n",
      "Similarity : [[1, (0.9622060458243661+0j), (0.9226539095268047+0j), (0.9738516810963534+0j), (0.3860031713602665+0j), (0.14002800840280097+0j)], [(0.9622060458243661+0j), 1, (1+0j), (0.8320502943378437+0j), (-0.23380488239570607+0j), (-0.9938837346736189+0j)], [(0.9226539095268047+0j), (1+0j), 1, (0.9938837346736189+0j), (0.6956532259414017+0j), (0.7126966450997984+0j)], [(0.9738516810963534+0j), (0.8320502943378437+0j), (0.9938837346736189+0j), 1, (0.5068030337996146+0j), (0.33333333333333337+0j)], [(0.3860031713602665+0j), (-0.23380488239570607+0j), (0.6956532259414017+0j), (0.5068030337996146+0j), 1, (0.6361416972599782+0j)], [(0.14002800840280097+0j), (-0.9938837346736189+0j), (0.7126966450997984+0j), (0.33333333333333337+0j), (0.6361416972599782+0j), 1]]\n",
      "Main Centered : [[2.25, 0.0, 1.6666666666666665, 0.5, 2.2, 0.5], [1.25, 1.6666666666666665, 0.0, 0.5, -0.7999999999999998, -0.5], [0.0, -0.3333333333333335, 0.0, -0.5, -1.7999999999999998, 0.0], [-1.75, -1.3333333333333335, -0.3333333333333335, 0.0, 0.20000000000000018, 0.5], [-1.75, 0.0, -1.3333333333333335, -0.5, 0.20000000000000018, -0.5]]\n",
      "Similarity[2] : [(0.9226539095268047+0j), (1+0j), 1, (0.9938837346736189+0j), (0.6956532259414017+0j), (0.7126966450997984+0j)]\n",
      "MeanCentered[2] : [0.0, -0.3333333333333335, 0.0, -0.5, -1.7999999999999998, 0.0]\n",
      "[[0.9938837346736189, 0.9226539095268047], [-0.5, 0.0]]\n",
      "User Index : 2 Item Index : 5\n",
      "Similarity : [[1, (0.9622060458243661+0j), (0.9226539095268047+0j), (0.9738516810963534+0j), (0.3860031713602665+0j), (0.14002800840280097+0j)], [(0.9622060458243661+0j), 1, (1+0j), (0.8320502943378437+0j), (-0.23380488239570607+0j), (-0.9938837346736189+0j)], [(0.9226539095268047+0j), (1+0j), 1, (0.9938837346736189+0j), (0.6956532259414017+0j), (0.7126966450997984+0j)], [(0.9738516810963534+0j), (0.8320502943378437+0j), (0.9938837346736189+0j), 1, (0.5068030337996146+0j), (0.33333333333333337+0j)], [(0.3860031713602665+0j), (-0.23380488239570607+0j), (0.6956532259414017+0j), (0.5068030337996146+0j), 1, (0.6361416972599782+0j)], [(0.14002800840280097+0j), (-0.9938837346736189+0j), (0.7126966450997984+0j), (0.33333333333333337+0j), (0.6361416972599782+0j), 1]]\n",
      "Main Centered : [[2.25, 0.0, 1.6666666666666665, 0.5, 2.2, 0.5], [1.25, 1.6666666666666665, 0.0, 0.5, -0.7999999999999998, -0.5], [0.0, -0.3333333333333335, 0.0, -0.5, -1.7999999999999998, 0.0], [-1.75, -1.3333333333333335, -0.3333333333333335, 0.0, 0.20000000000000018, 0.5], [-1.75, 0.0, -1.3333333333333335, -0.5, 0.20000000000000018, -0.5]]\n",
      "Similarity[5] : [(0.14002800840280097+0j), (-0.9938837346736189+0j), (0.7126966450997984+0j), (0.33333333333333337+0j), (0.6361416972599782+0j), 1]\n",
      "MeanCentered[2] : [0.0, -0.3333333333333335, 0.0, -0.5, -1.7999999999999998, 0.0]\n",
      "[[0.6361416972599782, 0.33333333333333337], [-1.7999999999999998, -0.5]]\n",
      "User Index : 3 Item Index : 3\n",
      "Similarity : [[1, (0.9622060458243661+0j), (0.9226539095268047+0j), (0.9738516810963534+0j), (0.3860031713602665+0j), (0.14002800840280097+0j)], [(0.9622060458243661+0j), 1, (1+0j), (0.8320502943378437+0j), (-0.23380488239570607+0j), (-0.9938837346736189+0j)], [(0.9226539095268047+0j), (1+0j), 1, (0.9938837346736189+0j), (0.6956532259414017+0j), (0.7126966450997984+0j)], [(0.9738516810963534+0j), (0.8320502943378437+0j), (0.9938837346736189+0j), 1, (0.5068030337996146+0j), (0.33333333333333337+0j)], [(0.3860031713602665+0j), (-0.23380488239570607+0j), (0.6956532259414017+0j), (0.5068030337996146+0j), 1, (0.6361416972599782+0j)], [(0.14002800840280097+0j), (-0.9938837346736189+0j), (0.7126966450997984+0j), (0.33333333333333337+0j), (0.6361416972599782+0j), 1]]\n",
      "Main Centered : [[2.25, 0.0, 1.6666666666666665, 0.5, 2.2, 0.5], [1.25, 1.6666666666666665, 0.0, 0.5, -0.7999999999999998, -0.5], [0.0, -0.3333333333333335, 0.0, -0.5, -1.7999999999999998, 0.0], [-1.75, -1.3333333333333335, -0.3333333333333335, 0.0, 0.20000000000000018, 0.5], [-1.75, 0.0, -1.3333333333333335, -0.5, 0.20000000000000018, -0.5]]\n",
      "Similarity[3] : [(0.9738516810963534+0j), (0.8320502943378437+0j), (0.9938837346736189+0j), 1, (0.5068030337996146+0j), (0.33333333333333337+0j)]\n",
      "MeanCentered[3] : [-1.75, -1.3333333333333335, -0.3333333333333335, 0.0, 0.20000000000000018, 0.5]\n",
      "[[0.9938837346736189, 0.9738516810963534], [-0.3333333333333335, -1.75]]\n",
      "User Index : 4 Item Index : 1\n",
      "Similarity : [[1, (0.9622060458243661+0j), (0.9226539095268047+0j), (0.9738516810963534+0j), (0.3860031713602665+0j), (0.14002800840280097+0j)], [(0.9622060458243661+0j), 1, (1+0j), (0.8320502943378437+0j), (-0.23380488239570607+0j), (-0.9938837346736189+0j)], [(0.9226539095268047+0j), (1+0j), 1, (0.9938837346736189+0j), (0.6956532259414017+0j), (0.7126966450997984+0j)], [(0.9738516810963534+0j), (0.8320502943378437+0j), (0.9938837346736189+0j), 1, (0.5068030337996146+0j), (0.33333333333333337+0j)], [(0.3860031713602665+0j), (-0.23380488239570607+0j), (0.6956532259414017+0j), (0.5068030337996146+0j), 1, (0.6361416972599782+0j)], [(0.14002800840280097+0j), (-0.9938837346736189+0j), (0.7126966450997984+0j), (0.33333333333333337+0j), (0.6361416972599782+0j), 1]]\n",
      "Main Centered : [[2.25, 0.0, 1.6666666666666665, 0.5, 2.2, 0.5], [1.25, 1.6666666666666665, 0.0, 0.5, -0.7999999999999998, -0.5], [0.0, -0.3333333333333335, 0.0, -0.5, -1.7999999999999998, 0.0], [-1.75, -1.3333333333333335, -0.3333333333333335, 0.0, 0.20000000000000018, 0.5], [-1.75, 0.0, -1.3333333333333335, -0.5, 0.20000000000000018, -0.5]]\n",
      "Similarity[1] : [(0.9622060458243661+0j), 1, (1+0j), (0.8320502943378437+0j), (-0.23380488239570607+0j), (-0.9938837346736189+0j)]\n",
      "MeanCentered[4] : [-1.75, 0.0, -1.3333333333333335, -0.5, 0.20000000000000018, -0.5]\n",
      "[[1.0, 0.9622060458243661], [-1.3333333333333335, -1.75]]\n"
     ]
    }
   ],
   "source": [
    "similarity_pearson = similarity.Pearson(matrix,opsional=0,k=2)"
   ]
  },
  {
   "cell_type": "code",
   "execution_count": 9,
   "metadata": {},
   "outputs": [
    {
     "data": {
      "text/html": [
       "<div>\n",
       "<style scoped>\n",
       "    .dataframe tbody tr th:only-of-type {\n",
       "        vertical-align: middle;\n",
       "    }\n",
       "\n",
       "    .dataframe tbody tr th {\n",
       "        vertical-align: top;\n",
       "    }\n",
       "\n",
       "    .dataframe thead th {\n",
       "        text-align: right;\n",
       "    }\n",
       "</style>\n",
       "<table border=\"1\" class=\"dataframe\">\n",
       "  <thead>\n",
       "    <tr style=\"text-align: right;\">\n",
       "      <th></th>\n",
       "      <th>0</th>\n",
       "    </tr>\n",
       "  </thead>\n",
       "  <tbody>\n",
       "    <tr>\n",
       "      <th>0</th>\n",
       "      <td>2.750000</td>\n",
       "    </tr>\n",
       "    <tr>\n",
       "      <th>1</th>\n",
       "      <td>3.333333</td>\n",
       "    </tr>\n",
       "    <tr>\n",
       "      <th>2</th>\n",
       "      <td>2.333333</td>\n",
       "    </tr>\n",
       "    <tr>\n",
       "      <th>3</th>\n",
       "      <td>2.500000</td>\n",
       "    </tr>\n",
       "    <tr>\n",
       "      <th>4</th>\n",
       "      <td>2.800000</td>\n",
       "    </tr>\n",
       "    <tr>\n",
       "      <th>5</th>\n",
       "      <td>3.500000</td>\n",
       "    </tr>\n",
       "  </tbody>\n",
       "</table>\n",
       "</div>"
      ],
      "text/plain": [
       "          0\n",
       "0  2.750000\n",
       "1  3.333333\n",
       "2  2.333333\n",
       "3  2.500000\n",
       "4  2.800000\n",
       "5  3.500000"
      ]
     },
     "execution_count": 9,
     "metadata": {},
     "output_type": "execute_result"
    }
   ],
   "source": [
    "similarity_pearson.getMeanListDataFrame()"
   ]
  },
  {
   "cell_type": "code",
   "execution_count": 10,
   "metadata": {},
   "outputs": [
    {
     "data": {
      "text/html": [
       "<div>\n",
       "<style scoped>\n",
       "    .dataframe tbody tr th:only-of-type {\n",
       "        vertical-align: middle;\n",
       "    }\n",
       "\n",
       "    .dataframe tbody tr th {\n",
       "        vertical-align: top;\n",
       "    }\n",
       "\n",
       "    .dataframe thead th {\n",
       "        text-align: right;\n",
       "    }\n",
       "</style>\n",
       "<table border=\"1\" class=\"dataframe\">\n",
       "  <thead>\n",
       "    <tr style=\"text-align: right;\">\n",
       "      <th></th>\n",
       "      <th>0</th>\n",
       "      <th>1</th>\n",
       "      <th>2</th>\n",
       "      <th>3</th>\n",
       "      <th>4</th>\n",
       "    </tr>\n",
       "  </thead>\n",
       "  <tbody>\n",
       "    <tr>\n",
       "      <th>0</th>\n",
       "      <td>2.250000</td>\n",
       "      <td>1.250000</td>\n",
       "      <td>0.000000</td>\n",
       "      <td>-1.750000</td>\n",
       "      <td>-1.750000</td>\n",
       "    </tr>\n",
       "    <tr>\n",
       "      <th>1</th>\n",
       "      <td>0.000000</td>\n",
       "      <td>1.666667</td>\n",
       "      <td>-0.333333</td>\n",
       "      <td>-1.333333</td>\n",
       "      <td>0.000000</td>\n",
       "    </tr>\n",
       "    <tr>\n",
       "      <th>2</th>\n",
       "      <td>1.666667</td>\n",
       "      <td>0.000000</td>\n",
       "      <td>0.000000</td>\n",
       "      <td>-0.333333</td>\n",
       "      <td>-1.333333</td>\n",
       "    </tr>\n",
       "    <tr>\n",
       "      <th>3</th>\n",
       "      <td>0.500000</td>\n",
       "      <td>0.500000</td>\n",
       "      <td>-0.500000</td>\n",
       "      <td>0.000000</td>\n",
       "      <td>-0.500000</td>\n",
       "    </tr>\n",
       "    <tr>\n",
       "      <th>4</th>\n",
       "      <td>2.200000</td>\n",
       "      <td>-0.800000</td>\n",
       "      <td>-1.800000</td>\n",
       "      <td>0.200000</td>\n",
       "      <td>0.200000</td>\n",
       "    </tr>\n",
       "    <tr>\n",
       "      <th>5</th>\n",
       "      <td>0.500000</td>\n",
       "      <td>-0.500000</td>\n",
       "      <td>0.000000</td>\n",
       "      <td>0.500000</td>\n",
       "      <td>-0.500000</td>\n",
       "    </tr>\n",
       "  </tbody>\n",
       "</table>\n",
       "</div>"
      ],
      "text/plain": [
       "          0         1         2         3         4\n",
       "0  2.250000  1.250000  0.000000 -1.750000 -1.750000\n",
       "1  0.000000  1.666667 -0.333333 -1.333333  0.000000\n",
       "2  1.666667  0.000000  0.000000 -0.333333 -1.333333\n",
       "3  0.500000  0.500000 -0.500000  0.000000 -0.500000\n",
       "4  2.200000 -0.800000 -1.800000  0.200000  0.200000\n",
       "5  0.500000 -0.500000  0.000000  0.500000 -0.500000"
      ]
     },
     "execution_count": 10,
     "metadata": {},
     "output_type": "execute_result"
    }
   ],
   "source": [
    "similarity_pearson.getMeanCenteredDataFrame()"
   ]
  },
  {
   "cell_type": "code",
   "execution_count": 11,
   "metadata": {},
   "outputs": [
    {
     "data": {
      "text/html": [
       "<div>\n",
       "<style scoped>\n",
       "    .dataframe tbody tr th:only-of-type {\n",
       "        vertical-align: middle;\n",
       "    }\n",
       "\n",
       "    .dataframe tbody tr th {\n",
       "        vertical-align: top;\n",
       "    }\n",
       "\n",
       "    .dataframe thead th {\n",
       "        text-align: right;\n",
       "    }\n",
       "</style>\n",
       "<table border=\"1\" class=\"dataframe\">\n",
       "  <thead>\n",
       "    <tr style=\"text-align: right;\">\n",
       "      <th></th>\n",
       "      <th>0</th>\n",
       "      <th>1</th>\n",
       "      <th>2</th>\n",
       "      <th>3</th>\n",
       "      <th>4</th>\n",
       "      <th>5</th>\n",
       "    </tr>\n",
       "  </thead>\n",
       "  <tbody>\n",
       "    <tr>\n",
       "      <th>0</th>\n",
       "      <td>1.000000+0.000000j</td>\n",
       "      <td>0.962206+0.000000j</td>\n",
       "      <td>0.922654+0.000000j</td>\n",
       "      <td>0.973852+0.000000j</td>\n",
       "      <td>0.386003+0.000000j</td>\n",
       "      <td>0.140028+0.000000j</td>\n",
       "    </tr>\n",
       "    <tr>\n",
       "      <th>1</th>\n",
       "      <td>0.962206+0.000000j</td>\n",
       "      <td>1.000000+0.000000j</td>\n",
       "      <td>1.000000+0.000000j</td>\n",
       "      <td>0.832050+0.000000j</td>\n",
       "      <td>-0.233805+0.000000j</td>\n",
       "      <td>-0.993884+0.000000j</td>\n",
       "    </tr>\n",
       "    <tr>\n",
       "      <th>2</th>\n",
       "      <td>0.922654+0.000000j</td>\n",
       "      <td>1.000000+0.000000j</td>\n",
       "      <td>1.000000+0.000000j</td>\n",
       "      <td>0.993884+0.000000j</td>\n",
       "      <td>0.695653+0.000000j</td>\n",
       "      <td>0.712697+0.000000j</td>\n",
       "    </tr>\n",
       "    <tr>\n",
       "      <th>3</th>\n",
       "      <td>0.973852+0.000000j</td>\n",
       "      <td>0.832050+0.000000j</td>\n",
       "      <td>0.993884+0.000000j</td>\n",
       "      <td>1.000000+0.000000j</td>\n",
       "      <td>0.506803+0.000000j</td>\n",
       "      <td>0.333333+0.000000j</td>\n",
       "    </tr>\n",
       "    <tr>\n",
       "      <th>4</th>\n",
       "      <td>0.386003+0.000000j</td>\n",
       "      <td>-0.233805+0.000000j</td>\n",
       "      <td>0.695653+0.000000j</td>\n",
       "      <td>0.506803+0.000000j</td>\n",
       "      <td>1.000000+0.000000j</td>\n",
       "      <td>0.636142+0.000000j</td>\n",
       "    </tr>\n",
       "    <tr>\n",
       "      <th>5</th>\n",
       "      <td>0.140028+0.000000j</td>\n",
       "      <td>-0.993884+0.000000j</td>\n",
       "      <td>0.712697+0.000000j</td>\n",
       "      <td>0.333333+0.000000j</td>\n",
       "      <td>0.636142+0.000000j</td>\n",
       "      <td>1.000000+0.000000j</td>\n",
       "    </tr>\n",
       "  </tbody>\n",
       "</table>\n",
       "</div>"
      ],
      "text/plain": [
       "                    0                   1                   2  \\\n",
       "0  1.000000+0.000000j  0.962206+0.000000j  0.922654+0.000000j   \n",
       "1  0.962206+0.000000j  1.000000+0.000000j  1.000000+0.000000j   \n",
       "2  0.922654+0.000000j  1.000000+0.000000j  1.000000+0.000000j   \n",
       "3  0.973852+0.000000j  0.832050+0.000000j  0.993884+0.000000j   \n",
       "4  0.386003+0.000000j -0.233805+0.000000j  0.695653+0.000000j   \n",
       "5  0.140028+0.000000j -0.993884+0.000000j  0.712697+0.000000j   \n",
       "\n",
       "                    3                   4                   5  \n",
       "0  0.973852+0.000000j  0.386003+0.000000j  0.140028+0.000000j  \n",
       "1  0.832050+0.000000j -0.233805+0.000000j -0.993884+0.000000j  \n",
       "2  0.993884+0.000000j  0.695653+0.000000j  0.712697+0.000000j  \n",
       "3  1.000000+0.000000j  0.506803+0.000000j  0.333333+0.000000j  \n",
       "4  0.506803+0.000000j  1.000000+0.000000j  0.636142+0.000000j  \n",
       "5  0.333333+0.000000j  0.636142+0.000000j  1.000000+0.000000j  "
      ]
     },
     "execution_count": 11,
     "metadata": {},
     "output_type": "execute_result"
    }
   ],
   "source": [
    "similarity_pearson.getSimilarityDataFrame()"
   ]
  },
  {
   "cell_type": "code",
   "execution_count": 12,
   "metadata": {},
   "outputs": [
    {
     "data": {
      "text/html": [
       "<div>\n",
       "<style scoped>\n",
       "    .dataframe tbody tr th:only-of-type {\n",
       "        vertical-align: middle;\n",
       "    }\n",
       "\n",
       "    .dataframe tbody tr th {\n",
       "        vertical-align: top;\n",
       "    }\n",
       "\n",
       "    .dataframe thead th {\n",
       "        text-align: right;\n",
       "    }\n",
       "</style>\n",
       "<table border=\"1\" class=\"dataframe\">\n",
       "  <thead>\n",
       "    <tr style=\"text-align: right;\">\n",
       "      <th></th>\n",
       "      <th>0</th>\n",
       "      <th>1</th>\n",
       "      <th>2</th>\n",
       "      <th>3</th>\n",
       "      <th>4</th>\n",
       "      <th>5</th>\n",
       "    </tr>\n",
       "  </thead>\n",
       "  <tbody>\n",
       "    <tr>\n",
       "      <th>0</th>\n",
       "      <td>5.000000</td>\n",
       "      <td>4.771806</td>\n",
       "      <td>4.000000</td>\n",
       "      <td>3.000000</td>\n",
       "      <td>5</td>\n",
       "      <td>4.000000</td>\n",
       "    </tr>\n",
       "    <tr>\n",
       "      <th>1</th>\n",
       "      <td>4.000000</td>\n",
       "      <td>5.000000</td>\n",
       "      <td>3.418456</td>\n",
       "      <td>3.000000</td>\n",
       "      <td>2</td>\n",
       "      <td>3.000000</td>\n",
       "    </tr>\n",
       "    <tr>\n",
       "      <th>2</th>\n",
       "      <td>1.880987</td>\n",
       "      <td>3.000000</td>\n",
       "      <td>2.074042</td>\n",
       "      <td>2.000000</td>\n",
       "      <td>1</td>\n",
       "      <td>2.146977</td>\n",
       "    </tr>\n",
       "    <tr>\n",
       "      <th>3</th>\n",
       "      <td>1.000000</td>\n",
       "      <td>2.000000</td>\n",
       "      <td>2.000000</td>\n",
       "      <td>1.465544</td>\n",
       "      <td>3</td>\n",
       "      <td>4.000000</td>\n",
       "    </tr>\n",
       "    <tr>\n",
       "      <th>4</th>\n",
       "      <td>1.000000</td>\n",
       "      <td>1.795679</td>\n",
       "      <td>1.000000</td>\n",
       "      <td>2.000000</td>\n",
       "      <td>3</td>\n",
       "      <td>3.000000</td>\n",
       "    </tr>\n",
       "  </tbody>\n",
       "</table>\n",
       "</div>"
      ],
      "text/plain": [
       "          0         1         2         3  4         5\n",
       "0  5.000000  4.771806  4.000000  3.000000  5  4.000000\n",
       "1  4.000000  5.000000  3.418456  3.000000  2  3.000000\n",
       "2  1.880987  3.000000  2.074042  2.000000  1  2.146977\n",
       "3  1.000000  2.000000  2.000000  1.465544  3  4.000000\n",
       "4  1.000000  1.795679  1.000000  2.000000  3  3.000000"
      ]
     },
     "execution_count": 12,
     "metadata": {},
     "output_type": "execute_result"
    }
   ],
   "source": [
    "similarity_pearson.getPredictionDataFrame()"
   ]
  },
  {
   "cell_type": "code",
   "execution_count": 13,
   "metadata": {},
   "outputs": [
    {
     "data": {
      "text/html": [
       "<div>\n",
       "<style scoped>\n",
       "    .dataframe tbody tr th:only-of-type {\n",
       "        vertical-align: middle;\n",
       "    }\n",
       "\n",
       "    .dataframe tbody tr th {\n",
       "        vertical-align: top;\n",
       "    }\n",
       "\n",
       "    .dataframe thead th {\n",
       "        text-align: right;\n",
       "    }\n",
       "</style>\n",
       "<table border=\"1\" class=\"dataframe\">\n",
       "  <thead>\n",
       "    <tr style=\"text-align: right;\">\n",
       "      <th></th>\n",
       "      <th>0</th>\n",
       "      <th>1</th>\n",
       "      <th>2</th>\n",
       "      <th>3</th>\n",
       "      <th>4</th>\n",
       "      <th>5</th>\n",
       "    </tr>\n",
       "  </thead>\n",
       "  <tbody>\n",
       "    <tr>\n",
       "      <th>0</th>\n",
       "      <td>5.000000</td>\n",
       "      <td>4.771806</td>\n",
       "      <td>4.000000</td>\n",
       "      <td>3.000000</td>\n",
       "      <td>5</td>\n",
       "      <td>4.000000</td>\n",
       "    </tr>\n",
       "    <tr>\n",
       "      <th>1</th>\n",
       "      <td>4.000000</td>\n",
       "      <td>5.000000</td>\n",
       "      <td>3.418456</td>\n",
       "      <td>3.000000</td>\n",
       "      <td>2</td>\n",
       "      <td>3.000000</td>\n",
       "    </tr>\n",
       "    <tr>\n",
       "      <th>2</th>\n",
       "      <td>1.880987</td>\n",
       "      <td>3.000000</td>\n",
       "      <td>2.074042</td>\n",
       "      <td>2.000000</td>\n",
       "      <td>1</td>\n",
       "      <td>2.146977</td>\n",
       "    </tr>\n",
       "    <tr>\n",
       "      <th>3</th>\n",
       "      <td>1.000000</td>\n",
       "      <td>2.000000</td>\n",
       "      <td>2.000000</td>\n",
       "      <td>1.465544</td>\n",
       "      <td>3</td>\n",
       "      <td>4.000000</td>\n",
       "    </tr>\n",
       "    <tr>\n",
       "      <th>4</th>\n",
       "      <td>1.000000</td>\n",
       "      <td>1.795679</td>\n",
       "      <td>1.000000</td>\n",
       "      <td>2.000000</td>\n",
       "      <td>3</td>\n",
       "      <td>3.000000</td>\n",
       "    </tr>\n",
       "  </tbody>\n",
       "</table>\n",
       "</div>"
      ],
      "text/plain": [
       "          0         1         2         3  4         5\n",
       "0  5.000000  4.771806  4.000000  3.000000  5  4.000000\n",
       "1  4.000000  5.000000  3.418456  3.000000  2  3.000000\n",
       "2  1.880987  3.000000  2.074042  2.000000  1  2.146977\n",
       "3  1.000000  2.000000  2.000000  1.465544  3  4.000000\n",
       "4  1.000000  1.795679  1.000000  2.000000  3  3.000000"
      ]
     },
     "execution_count": 13,
     "metadata": {},
     "output_type": "execute_result"
    }
   ],
   "source": [
    "similarity_pearson.getPredictionDataFrame()"
   ]
  },
  {
   "cell_type": "markdown",
   "metadata": {},
   "source": [
    "### COSINE SIMILARITY MEASURE"
   ]
  },
  {
   "cell_type": "code",
   "execution_count": 14,
   "metadata": {},
   "outputs": [
    {
     "name": "stdout",
     "output_type": "stream",
     "text": [
      "User Index : 0 Item Index : 1\n",
      "Similarity : [[1.        +0.j 0.67356452+0.j 0.3081825 +0.j 0.79102921+0.j\n",
      "  0.89871703+0.j]\n",
      " [0.67356452+0.j 1.        +0.j 0.77445028+0.j 0.69141731+0.j\n",
      "  0.64293062+0.j]\n",
      " [0.3081825 +0.j 0.77445028+0.j 1.        +0.j 0.41251432+0.j\n",
      "  0.38188131+0.j]\n",
      " [0.79102921+0.j 0.69141731+0.j 0.41251432+0.j 1.        +0.j\n",
      "  0.84016805+0.j]\n",
      " [0.89871703+0.j 0.64293062+0.j 0.38188131+0.j 0.84016805+0.j\n",
      "  1.        +0.j]]\n",
      "Main Centered : [[0.7999999999999998, 0.6000000000000001, 0.0, -1.4, -1.0], [0.0, 1.6, 1.0, -0.3999999999999999, 0.0], [-0.20000000000000018, 0.0, 0.0, -0.3999999999999999, -1.0], [-1.2000000000000002, -0.3999999999999999, 0.0, 0.0, 0.0], [0.7999999999999998, -1.4, -1.0, 0.6000000000000001, 1.0], [-0.20000000000000018, -0.3999999999999999, 0.0, 1.6, 1.0]]\n",
      "Similarity[0] : [1.        +0.j 0.67356452+0.j 0.3081825 +0.j 0.79102921+0.j\n",
      " 0.89871703+0.j]\n",
      "MeanCentered[1] : [0.0, 1.6, 1.0, -0.3999999999999999, 0.0]\n",
      "[[0.7910292118262815, 0.6735645239877782], [-0.3999999999999999, 1.6]]\n",
      "User Index : 1 Item Index : 2\n",
      "Similarity : [[1.        +0.j 0.67356452+0.j 0.3081825 +0.j 0.79102921+0.j\n",
      "  0.89871703+0.j]\n",
      " [0.67356452+0.j 1.        +0.j 0.77445028+0.j 0.69141731+0.j\n",
      "  0.64293062+0.j]\n",
      " [0.3081825 +0.j 0.77445028+0.j 1.        +0.j 0.41251432+0.j\n",
      "  0.38188131+0.j]\n",
      " [0.79102921+0.j 0.69141731+0.j 0.41251432+0.j 1.        +0.j\n",
      "  0.84016805+0.j]\n",
      " [0.89871703+0.j 0.64293062+0.j 0.38188131+0.j 0.84016805+0.j\n",
      "  1.        +0.j]]\n",
      "Main Centered : [[0.7999999999999998, 0.6000000000000001, 0.0, -1.4, -1.0], [0.0, 1.6, 1.0, -0.3999999999999999, 0.0], [-0.20000000000000018, 0.0, 0.0, -0.3999999999999999, -1.0], [-1.2000000000000002, -0.3999999999999999, 0.0, 0.0, 0.0], [0.7999999999999998, -1.4, -1.0, 0.6000000000000001, 1.0], [-0.20000000000000018, -0.3999999999999999, 0.0, 1.6, 1.0]]\n",
      "Similarity[1] : [0.67356452+0.j 1.        +0.j 0.77445028+0.j 0.69141731+0.j\n",
      " 0.64293062+0.j]\n",
      "MeanCentered[2] : [-0.20000000000000018, 0.0, 0.0, -0.3999999999999999, -1.0]\n",
      "[[0.6914173051223086, 0.6735645239877782], [-0.3999999999999999, -0.20000000000000018]]\n",
      "User Index : 2 Item Index : 0\n",
      "Similarity : [[1.        +0.j 0.67356452+0.j 0.3081825 +0.j 0.79102921+0.j\n",
      "  0.89871703+0.j]\n",
      " [0.67356452+0.j 1.        +0.j 0.77445028+0.j 0.69141731+0.j\n",
      "  0.64293062+0.j]\n",
      " [0.3081825 +0.j 0.77445028+0.j 1.        +0.j 0.41251432+0.j\n",
      "  0.38188131+0.j]\n",
      " [0.79102921+0.j 0.69141731+0.j 0.41251432+0.j 1.        +0.j\n",
      "  0.84016805+0.j]\n",
      " [0.89871703+0.j 0.64293062+0.j 0.38188131+0.j 0.84016805+0.j\n",
      "  1.        +0.j]]\n",
      "Main Centered : [[0.7999999999999998, 0.6000000000000001, 0.0, -1.4, -1.0], [0.0, 1.6, 1.0, -0.3999999999999999, 0.0], [-0.20000000000000018, 0.0, 0.0, -0.3999999999999999, -1.0], [-1.2000000000000002, -0.3999999999999999, 0.0, 0.0, 0.0], [0.7999999999999998, -1.4, -1.0, 0.6000000000000001, 1.0], [-0.20000000000000018, -0.3999999999999999, 0.0, 1.6, 1.0]]\n",
      "Similarity[2] : [0.3081825 +0.j 0.77445028+0.j 1.        +0.j 0.41251432+0.j\n",
      " 0.38188131+0.j]\n",
      "MeanCentered[0] : [0.7999999999999998, 0.6000000000000001, 0.0, -1.4, -1.0]\n",
      "[[0.7744502841566948, 0.412514323662695], [0.6000000000000001, -1.4]]\n",
      "User Index : 2 Item Index : 2\n",
      "Similarity : [[1.        +0.j 0.67356452+0.j 0.3081825 +0.j 0.79102921+0.j\n",
      "  0.89871703+0.j]\n",
      " [0.67356452+0.j 1.        +0.j 0.77445028+0.j 0.69141731+0.j\n",
      "  0.64293062+0.j]\n",
      " [0.3081825 +0.j 0.77445028+0.j 1.        +0.j 0.41251432+0.j\n",
      "  0.38188131+0.j]\n",
      " [0.79102921+0.j 0.69141731+0.j 0.41251432+0.j 1.        +0.j\n",
      "  0.84016805+0.j]\n",
      " [0.89871703+0.j 0.64293062+0.j 0.38188131+0.j 0.84016805+0.j\n",
      "  1.        +0.j]]\n",
